717412471741497344
768838754287091712
703637991168737282
741058867937841156
769305940776611845
712691718353649664
731246815828312065
251826185
17158154
17221643
105496588
15400962
21356559
7766032
15988753
27789330
15894547
1043779604
48459797
34293782
192698391
522872856
48601118
328118303
158609072
59324763
733388252355297281
20144167
19410985
7782442
29509675
22421548
276568754
845893680
15429685
19832886
15448583
342843449
14590010
820275259
122263612
3044710461
24048309
846221376
3323344966
288981065
387321930
464584780
250306638
805883984
1424592979
3269091415
28911707
31305822
171395167
55547920
704482695494176768
23378023
226838632
383078505
513775722
34664555
224940140
369705071
32200817
176469694
308551700
1337301116
186472574
17973375
4353841283
4845746309
94623878
43835528
20959370
17029260
3065862285
420053134
237168787
247128217
1120537310
20701551
21550789
3126409376
15413409
32897186
32837292
474607780
1062074533
2735925414
227010728
22227114
24199340
2944403629
107886768
265600371
184993975
340387188
19273919
181805248
803826720
85383362
371222723
155596997
1912393928
250243273
3061981559
75993292
3436249294
18699981
15257810
178063571
1697077460
20651754
16208086
71381207
32944164
25010394
2414913756
4638529757
15526110
255496415
50706656
175186145
4833128677
64813290
22978866
385263
9296112
643313
117983479
2584613113
476315898
29094140
14153981
141403861
39454978
271610115
2319167748
329525509
715736663436042240
37806465
2273323272
27255049
1026496778
391367157
204917005
3080884331
77498646
83501335
2529561
44982557
277479711
22307550
15417634
270528803
717715502190174209
170813733
21322026
14098734
17871151
7213362
2920759605
173011255
462688603
240558399
15200651
32338244
21833728
3065966919
3298431304
484366669
2808750414
1608321360
131473746
50214499
14836055
120877403
108288348
31793210
48848173
15393123
373078372
1942286696
1335267692
20726126
11307052
2661849196
1707682164
321767799
16642424
21705181
20253759
29407613
22804865
134627147
87992708
728981660566433792
22454663
109611415
3150434708
17793431
48599448
48148218
37835162
1257986461
26648990
181309290
14154145
243478947
54280262
305287590
221489347
19128747
24732076
366423794
3086875936
4872958384
730148430681493504
7838132
389140918
71553097
3047899581
18520510
750470830774190080
48445890
136815044
1220741574
15409607
115188168
51241418
358834635
3047938510
13744592
96154067
15603281
347038798
413660239
22594012
104673018
80689630
328206816
4530661
4434221542
36505459
156752362
2430972396
316232173
39760366
16292515
2889638385
23398898
38942803
3644815102
84193783
24265209
21817087
931346941
4729801216
30476805
333302278
3940871
4013838856
20693514
21043723
518976012
27376142
104290832
824371736
16071197
2693519792
376932899
3073477156
4894095909
2434294310
707374707801071616
24021546
61585965
604783139
1876658738
284869173
15867657
15278648
1244408377
293104735
25549372
148087715
100005598
4890616384
74211907
23237046
286700102
27447879
312535624
16474698
220367436
2206630477
110212017
499157588
17259094
424831241
583113311
15208526
3071251042
60923323
15909478
753739949552246784
14129772
2495637565
18262639
3009647720
4560982642
17357428
27279989
16239226
2704863679
2229273212
22218859
113349253
27509382
64289416
422910060
3344005587
1642776067
18584210
18074260
15361224
302881437
175803038
15270560
17531553
272827043
227859108
117789349
712734180275265536
210987688
16473427
299983531
456362175
2195006237
30462642
20112051
748264116
11378462
68246303
20867272
3396686525
15870659
28752392
13337292
520460203
14346958
16147151
10576592
3273997009
331096788
313073755
890069719
24715996
17900253
186245854
32199461
10818272
3406500304
22858466
118768356
4888965853
708009857958486016
21367529
47555307
22084332
176720621
3068783345
22142419
760
487770873
469732090
431932157
587875070
705204465930887168
21052171
19983118
322066221
36769923
48214811
317343342
426578718
550257439
3344540464
26659619
737196836
43756325
77757223
2806223656
29100193
129241900
26409773
53994286
14301999
14682928
38781064
66884402
1378143456
108884788
3443338041
3225924410
16560956
160273215
13120
162452290
54405957
29832008
29172553
428477258
1128928075
421346128
22287194
14451152
30020457
104504174
105724783
66849648
473557873
17709938
25410419
533414855
2334360439
15534974
1416340351
9550722
613741445
4794182534
18542401
22502280
311512215
2921905132
64623504
48114578
724878049
15647184
23960476
2167272349
64328606
20550560
48413168
406746018
24382371
2591675300
17306534
67169191
398696201
17343403
3114863533
2796903343
226976689
3052911538
4056151539
14746550
496354231
41750004
19607639
26907579
87989066
582058942
24535999
2314055840
769333371784695808
102853572
556051960
260291526
22453191
44555211
18203598
15451089
37004245
65889968
367281116
362236893
212326989
80333792
4188302843
2861407204
253840360
18707435
4176516076
862387184
15499432
3299924978
172749247
16655350
7019512
15549433
31173627
501750780
560782335
246590464
6845442
372497412
726872852968931328
124363784
3058863113
16649226
2712505356
1953051661
15295503
382454800
15440889
3152112661
19590168
15447066
19305647
3000261466
15717406
14054431
211207200
738258440984887297
3064597541
10138662
3019627560
22339420
4738087979
7361582
15875119
110466097
216482868
15373368
17221069
128728124
606018621
519728191
118987843
11971652
16949037
20386888
10041682
3044781131
3458520142
4282129933
18130000
35624017
279358548
2374741
31155288
15998041
48854106
16321629
93111391
105659489
2996520036
45550693
256920680
165631081
558093419
146644080
20671602
25039987
1278973044
3365430215
117797055
539573373
75029631
1153
738117046488174592
1428245454
45237385
221615244
438659266
17624209
1648909459
20515989
1906365968
17071255
2155343155
20233071
43191453
14617758
805559455
3085169824
279713
113886372
427146405
94611313
99886248
3002922157
234841262
52946095
4003361968
49267889
3044746419
763018613632688128
10674702
216066231
21425343
596493504
29007043
328045189
262331591
25304264
18263241
396993738
3078554829
13846392
315657427
20484302
33770710
42751191
14371861
3048168670
2192336096
94143715
540198116
161297639
2275550440
15025385
19942635
17026240
232447216
236639474
14808307
301019006
17945847
3065967867
15600893
13073662
330725523
708768395987165184
259616641
159986953
15320330
22693132
2944265486
19750159
249359632
732433
114474262
94127383
136881432
22994201
257086746
106769691
1636107548
46955808
13182242
1053580579
316917273
3365
2243030312
603970857
272698667
188896556
3105794610
19273949
6706482
87971123
116841782
152844169
47617588
20634939
28882236
25558333
291546336
308270405
60069190
8797512
48262474
115740215
378660779
225520184
23565650
16209123
15288889
174419290
629429595
46919004
162897245
91729248
4770303330
2316580195
18349412
334105958
13356392
30108220
40711530
540472551
17843090
16711026
16528755
2349010292
15803768
506054009
169596283
36568444
44952958
16938367
131863936
2292626818
86246461
1649395076
39216517
758904203058130944
16694665
32583050
261971340
1442432402
3059045779
42301660
216065430
596487575
51203483
247823511
480900509
112074143
3306497440
174935459
90941375
382710684
3237109164
17644786
3394741149
21231024
23629235
58152374
29626167
40078779
324455870
3455796672
5976992
60919240
14753225
320742858
29155575
12143522
83301838
132918446
2784089552
2729575889
198292387
220712406
18367959
714262400392761344
588878371
3051611125
938483168
725021670503800832
325774819
19133924
15490533
1578471
262512104
20694505
487595501
39484910
378801405
18005489
802430450
3060143603
3188024820
1358501365
25060854
47474168
810716666
16340475
400513938
400479746
3068729259
32185860
725418618339639296
335557710
2608961035
9427202
23717390
2566124461
2596838928
2729197073
331757074
4700354069
48520727
16901657
15990298
16541214
72453668
47801895
22699560
46564642
31077933
66672175
447145522
331206195
64710196
20737589
19723830
58953271
1692290618
1105401404
16975423
67069504
137932355
15728196
17786443
37134946
19856974
3171896913
50101843
759112816586551296
1445384395
133570135
3421781594
831338076
33531486
289687136
3031619171
44808326
15236710
22218344
4187444843
20920837
118048366
3056057967
49948272
144907880
1950471799
436314047
343535198
729358563924152320
244051583
314924675
860040836
21145221
291823240
15884908
114085514
212061463
17239694
14298769
126600851
575815317
1494609860
3135519219
259573403
1381088924
32156954
19152544
14536705
15160945
15309885
17789895
3068825260
24891056
46268081
4917092018
597512137
309819679
20793020
29574846
1920868981
50648768
131643073
27320992
2931539653
44273956
16246473
24471243
14597836
2584178034
125730512
35022547
3065753301
935800537
4716771259
45876958
1883817698
21495530
14098157
838627057
39038706
22046451
4194041
205428474
83113599
38311676
41391869
468569626
3839
3057542915
184213254
125677319
1862694667
242368265
14329611
38297358
16983823
36519979
18821763
351293742
22075159
4552390959
21268254
142438021
18128673
22282018
3056105255
182479555
199675693
231941934
2183169840
7379442
3060191026
2664654131
105914164
3065982773
34341362
724445833
540600123
1162260284
11575102
38088511
3394330433
24155973
1380808520
223209290
21981003
341190477
27275087
1264590672
698193
14098909
627554132
114408761
293386073
3121948508
3152299939
274284382
822568802
3057577828
234385253
33965926
3086798481
138571626
34049901
285097277
18661233
277849970
338298739
63362936
297447292
4743638910
4877191041
56364935
4350738313
112031627
14223244
484913037
374648372
324757396
107583386
298782619
21378975
760195944579076096
271030180
975656262
20115368
17479593
52830535
279678895
47204272
161159089
246220722
18608115
823738296
322188749
3056746427
9605052
345548735
136089536
26075756
21282754
53563332
368431045
16273350
2229127111
3138625481
16076748
1530531
3073392597
22306774
211311609
49488548
2413504506
15798244
16273029
17890304
115204077
2802034685
326514673
2173646835
24077353
2996570106
76854271
22083654
471224317
717412471741497344
768838754287091712
703637991168737282
741058867937841156
769305940776611845
712691718353649664
717715502190174209
251826185
17158154
17221643
105496588
15400962
21356559
7766032
15988753
27789330
15894547
1043779604
48459797
34293782
14329611
522872856
48601118
328118303
158609072
120877403
731246815828312065
51701797
29295616
20144167
19410985
7782442
29509675
22421548
276568754
328045189
15429685
19832886
15448583
342843449
14590010
820275259
122263612
3044710461
2173646835
3323344966
288981065
387321930
464584780
250306638
805883984
1424592979
783808585
3269091415
42995801
1022293861
28911707
31305822
171395167
55547920
23378023
226838632
383078505
513775722
22218859
224940140
32200817
176469694
308551700
1337301116
186472574
17973375
36769923
4845746309
44808326
43835528
20959370
192698391
17029260
3065862285
420053134
237168787
247128217
21550789
3126409376
15413409
32897186
32837292
474607780
2735925414
227010728
22227114
24199340
2584178034
107886768
265600371
184993975
2349010292
3343850290
19273919
181805248
803826720
85383362
371222723
259616641
155596997
1912393928
187699401
1445384395
75993292
3436249294
18699981
24048309
15257810
178063571
1697077460
20651754
16208086
71381207
32944164
25010394
2414913756
4638529757
15526110
255496415
50706656
175186145
4833128677
64813290
385263
9296112
643313
35022547
136036596
44952958
117983479
476315898
29094140
14153981
141403861
39454978
271610115
2319167748
329525509
715736663436042240
37806465
2273323272
11307052
1026496778
204917005
3080884331
77498646
83501335
93931800
2529561
44982557
277479711
22307550
15417634
270528803
44273956
170813733
21322026
14098734
17871151
22978866
186245854
173011255
462688603
240558399
32338244
21833728
3065966919
3298431304
1024696561
484366669
2808750414
1608321360
131473746
27351381
14836055
6013272
59324763
108288348
31793210
15393123
373078372
1942286696
1335267692
20701551
2661849196
1707682164
3061981559
16642424
20253759
29407613
22804865
2460834181
728981660566433792
22454663
15200651
17793431
48148218
37835162
1257986461
32256414
181309290
14154145
243478947
54280262
305287590
19128747
24732076
366423794
109611415
3086875936
2693519792
7838132
26648990
389140918
71553097
377188795
3047899581
18520510
2704863679
48445890
136815044
1220741574
15409607
115188168
51241418
358834635
3047938510
13744592
96154067
15603281
335557710
413660239
21705181
80689630
328206816
17630971
4530661
4434221542
36505459
156752362
21268254
316232173
39760366
48413168
2889638385
7379442
38942803
391367157
84193783
24265209
21817087
931346941
765700707748118528
4729801216
128956459
20920837
3940871
4013838856
20693514
792961111
518976012
27376142
104290832
824371736
16071197
4872958384
376932899
3073477156
4894095909
2434294310
707374707801071616
24021546
61585965
184678959
604783139
3105794610
284869173
15867657
15278648
1244408377
293104735
25549372
126349885
4890616384
37886783
74211907
23237046
286700102
27447879
312535624
16474698
220367436
212326989
110212017
499157588
19983118
424831241
583113311
37134946
60923323
14129772
2495637565
18262639
3009647720
4560982642
17357428
27279989
16239226
172749247
2229273212
738117046488174592
34664555
113349253
730148430681493504
64289416
422910060
2566124461
18584210
18074260
302881437
175803038
15270560
17531553
272827043
49488548
117789349
712734180275265536
210987688
299983531
2195006237
30462642
20112051
748264116
33065653
68246303
20867272
320742858
15870659
28752392
104673018
13337292
520460203
14346958
16147151
10576592
3273997009
331096788
313073755
890069719
14353188
250243273
24715996
17900253
1120537310
32199461
10818272
724878049
118768356
4888965853
708009857958486016
21367529
47555307
22084332
176720621
3068783345
3344005587
760
587875070
705204465930887168
21052171
758675398913765376
39584526
322066221
4353841283
1132544108
48214811
317343342
426578718
550257439
3344540464
26659619
737196836
43756325
43191453
2806223656
29100193
129241900
26409773
53994286
14301999
14682928
38781064
66884402
1378143456
108884788
3443338041
3225924410
16560956
160273215
13120
919827265
162452290
54405957
29832008
29172553
428477258
1128928075
27255049
22287194
14451152
30020457
104504174
20233071
66849648
473557873
17709938
25410419
533414855
22807017
581436283
1416340351
9550722
24535999
4794182534
18542401
22502280
2430972396
311512215
64623504
17843090
378172310
382710684
3394741149
64328606
20550560
406746018
148087715
2591675300
17306534
67169191
17343403
23398898
2796903343
226976689
3052911538
4056151539
14746550
496354231
26907579
87989066
582058942
1358501365
2314055840
134627147
102853572
260291526
17789895
1377176522
44555211
18203598
47474168
37004245
113886372
65889968
367281116
362236893
80333792
4188302843
253840360
3438623722
18707435
2921905132
862387184
15499432
3299924978
16292515
16655350
7019512
15549433
31173627
501750780
76854271
246590464
372497412
726872852968931328
124363784
3058863113
16649226
1953051661
15295503
382454800
597512137
132918446
293386073
19590168
15447066
19305647
3000261466
15717406
14054431
211207200
738258440984887297
3064597541
10138662
49267889
3019627560
22339420
4738087979
7361582
15875119
110466097
15373368
110791737
17221069
128728124
606018621
519728191
118987843
11971652
16949037
20386888
184640012
10041682
3044781131
347038798
3458520142
4282129933
18130000
35624017
279358548
2374741
31155288
48854106
16321629
93111391
105659489
2996520036
45550693
256920680
165631081
146644080
20671602
25039987
15647184
3365430215
456362175
539573373
75029631
1153
769333371784695808
429401185
1428245454
45237385
221615244
438659266
17624209
221489347
20515989
1906365968
17071255
15990298
14617758
805559455
3085169824
279713
750454218494873601
427146405
18661233
99886248
3002922157
234841262
52946095
4003361968
15361224
3044746419
763018613632688128
16700601
216066231
21425343
596493504
29007043
262331591
25304264
18263241
396993738
2334360439
3078554829
2835584205
13846392
315657427
77757223
20484302
33770710
42751191
14371861
3048168670
2192336096
16209123
540198116
161297639
2275550440
19942635
17026240
232447216
236639474
14808307
17945847
3065967867
15600893
13073662
23592195
708768395987165184
3893210375
159986953
15320330
22693132
2944265486
19750159
249359632
732433
14814482
114474262
212061463
136881432
22994201
32156954
106769691
1636107548
613741445
46955808
13182242
1053580579
316917273
3365
2243030312
603970857
272698667
188896556
48848173
19273949
837813552
6706482
2664654131
116841782
47617588
20634939
28882236
25558333
291546336
308270405
60069190
8797512
48262474
115740215
378660779
225520184
23565650
94143715
15288889
174419290
46919004
162897245
91729248
3882169698
2316580195
18349412
334105958
13356392
30108220
40711530
540472551
48114578
33531486
16711026
16528755
340387188
15803768
506054009
169596283
36568444
24382371
7009662
16938367
131863936
2292626818
86246461
39216517
758904203058130944
16694665
32583050
261971340
3059045779
42301660
216065430
596487575
51203483
247823511
480900509
112074143
3306497440
4318768545
174935459
345548735
3344387495
3152112661
23960476
3237109164
17644786
2167272349
21231024
23629235
58152374
29626167
40078779
324455870
100005598
5976992
199675693
60919240
14753225
26879434
29155575
12143522
83301838
2784089552
2729575889
22142419
220712406
18367959
588878371
3051611125
2282911196
725021670503800832
325774819
19133924
15490533
1578471
262512104
20694505
487595501
39484910
378801405
18005489
802430450
3060143603
41750004
733388252355297281
25060854
556051960
810716666
16340475
400513938
400479746
1642776067
32185860
725418618339639296
9427202
23717390
3114863533
2596838928
2729197073
331757074
4700354069
48520727
16901657
468569626
14538268
16541214
21043723
72453668
47801895
22699560
46564642
31077933
66672175
447145522
331206195
64710196
20737589
19723830
58953271
1692290618
1105401404
16975423
67069504
137932355
15728196
2920759605
17786443
3071251042
19856974
3171896913
50101843
759112816586551296
133570135
3421781594
831338076
343535198
843863647
289687136
50214499
15236710
19615335
22218344
4187444843
118048366
3056057967
49948272
144907880
94127383
1950471799
90941375
729358563924152320
94623878
244051583
314924675
860040836
21145221
291823240
15884908
114085514
19111563
17239694
14298769
126600851
575815317
3031619171
24290969
259573403
1381088924
19152544
49196656
14536705
15160945
15309885
22453191
3068825260
24891056
46268081
4917092018
126441075
750470830774190080
309819679
20793020
29574846
1920868981
50648768
131643073
27320992
2931539653
16246473
24471243
14597836
3068729259
125730512
332441299
3065753301
935800537
4716771259
45876958
1883817698
31467235
23527142
15451089
21495530
14098157
21892846
838627057
39038706
22046451
3406500304
24794871
4194041
205428474
83113599
38311676
41391869
3839
3057542915
184213254
125677319
23979784
242368265
1862694667
38297358
16983823
142438021
351293742
11378462
16273029
18128673
22282018
27509382
3056105255
182479555
7213362
231941934
2183169840
3060191026
87971123
105914164
3065982773
34341362
724445833
540600123
1162260284
11575102
38088511
3394330433
24155973
1380808520
223209290
21981003
341190477
27275087
1264590672
698193
627554132
114408761
17164121
3121948508
3152299939
274284382
822568802
3057577828
234385253
33965926
3086798481
138571626
34049901
285097277
94611313
277849970
338298739
63362936
297447292
301019006
71576957
4877191041
56364935
152844169
112031627
14223244
484913037
374648372
324757396
330723222
107583386
298782619
21378975
714262400392761344
271030180
975656262
4176516076
20115368
17479593
52830535
279678895
47204272
161159089
246220722
18608115
823738296
322188749
3056746427
9605052
436314047
136089536
26075756
21282754
47554499
53563332
368431045
16273350
2229127111
3138625481
16076748
1530531
3073392597
22306774
15440889
227859108
2413504506
261060577
15798244
17890304
1494609860
115204077
2802034685
16473427
24077353
2996570106
471224317
304576511
