726511133872398336
709137421309497345
716376449490530306
1415881957
729676086632656900
109117440
703762638493372417
180312074
834308107
4226879500
718972764623867906
2783201294
58892667
51624280
1691191314
2783281172
2945681430
478033944
82929668
1676990490
2390110236
617223173
3407226912
705103783047598080
158041777
218630184
556433450
1013614638
2784100399
36844552
38348850
91430963
156424244
355086686
177412150
3411140663
105990200
883449913
3389880671
403202108
389604704
3700443204
3234275397
259351323
320264267
4062613580
4127907918
637136978
410943571
3327701078
399745111
2251196504
1957394522
69983247
3914047581
3430537311
700133135850344448
3365349478
3031924753
4191199337
3256055916
3952873583
3282821233
562528372
154550390
18993272
713414778
750915709
1617959046
770879618
720036695643525120
30019719
494100617
436273290
76903903
729763981
1319606414
2732918125
1945319570
39048899
3311722862
52953843
3422474392
709869721
18903194
3425788059
4661661853
118784158
18663584
704314606429188096
118560537
738949715224563713
222167205
29470887
3379450024
171561129
91947178
71346348
107792558
2906655619
385172168
140216501
500189366
310429879
4864258233
3427205151
30976189
1343121157
2910433472
705443404684136450
787714244
858391585
484286665
1684207818
759174788875071488
2429384909
3309846734
702286979275186176
2788964563
3990358228
432178894
226812118
707965319202136064
37986522
805185757
66540938
4835455199
4512114913
606681626
81279355
381241572
414820581
2373145297
1352155368
435815567
4221628654
99524848
392429809
4721621234
256743670
577590313
2606930169
727642154
713535791419559940
1150791936
4077359361
262215938
486078723
3642515717
708838526121484288
168667405
3300845839
16410897
1266028820
2821690119
91453718
4065970455
1477636376
23359769
348854558
2326003926
4875317540
572080421
36811049
1957611818
895420718
19403055
42127070
712976695
114454841
163846879
708738540180365312
557453706
72914997
77197634
20334646
124199238
604653896
16318793
4827091274
40311118
2944555343
2791121294
3706069334
4840660025
456104558
142475908
368128348
389138781
367528286
3744122597
1284829536
703655442681999361
898503012
1587218150
27541864
1537685870
2920472945
4765473140
3624302965
4857129334
72976759
406716792
3547437435
4656859516
315994858
259150207
285662097
4895361413
708300644487016448
1322310721
317366665
1910002058
578263435
3228367245
45500814
280232335
97116561
1564676498
162189718
4334047641
742881348
2203455899
3833125276
696644290597031936
1113065887
2394939809
807446946
4548203357
3382415782
1126797740
35303857
711362554920980480
2402351540
2865256862
68438966
818549178
728306683378688000
798362047
41458112
1558889888
2785591751
2326092234
4898315151
510974413
1859008975
543015377
302795833
882481621
701185662146318336
32877018
2365144826
188807646
836628960
1193212386
4043751910
3580248555
1913868780
410434030
1072323325
96655856
215853553
361022019
1297170932
19048952
1002342907
3963297194
1040556542
979670539
591349485
443267158
2262620679
2868778746
1069875722
577669101
2319339266
410544656
301648403
30095897
2218281498
139096605
186618398
4069884447
707036972804517888
3158465058
714499387758624769
4516076294
4820288038
436409777
4568967720
4892643881
1338765866
18209543
349874611
65679924
713762574156718080
17685258
23063106
1963440907
2646757956
288966070
2811909217
22850120
2172271177
3330875980
723175349530456066
3340394234
315595343
4129925714
3310185230
3158979158
335854169
323431003
1032100446
19786336
222974563
4501926504
4885879403
4828311314
4533072494
4350133693
61844182
3295440318
1061345912
19317371
2740951680
2740275841
518177412
3507630725
714900956014465024
15897226
25910039
388493964
961010318
3411313300
433029783
159009432
4827286170
98112156
4452743837
73525922
3896298147
4887236609
721707694567071744
1561748137
419816107
332905140
1302171356
22228084
2252839610
704513628414676992
3089629376
186800833
541833926
701899464
237707978
1721208578
22190800
908477137
2417103571
885684950
4905645177
383568602
226404815
1904550620
430239866
2261000927
4510755552
114574052
710656531906371584
87516499
2392294124
705062892178169856
127296243
266730229
3197854454
38157048
615692074
45671166
4827382530
416811287
1279060740
703661055835136000
3909925639
33258248
1571866412
240919306
2905707275
560909070
2561219343
819572185
987334273
42224411
3220851492
191702150
2479330086
409678631
3384385671
3310196245
896736733
948371142
307018547
3883154232
525713204
64595423
4598192956
710306690730696705
4600542014
471468512
2947778074
16939843
329153351
18545481
3670520652
3456496461
593726287
151989073
145834838
3339524953
3668075663
2588663610
804522846
111225697
25916258
438815206
343685991
3298208619
1337895788
75877232
74222453
2199028598
325776251
3242652540
116705429
81238912
168808939
705146548397568000
368683841
4081892233
3308073866
427871383
1227715471
1587237776
2528453521
486265746
3837348675
1915035397
338805653
79913878
3380947863
428443815
46517148
344394479
1941881761
32234651
377694160
531776421
4890686374
598872999
233274366
542956561
63843485
725220272
422939571
382358521
4904594358
166532031
466144416
3375141831
209839048
4882285516
1555246032
2149677560
21322709
1734921174
398941143
336170525
245639333
560065504
38951905
2887465954
481304417
54666213
4452830716
1368956714
705543852929720320
27479025
365827058
1241997822
3327646711
2361358164
174320634
26528766
4539913215
396270592
436253698
189242371
2506247172
395308037
745810160896081920
56486919
2578125832
18422538
70648847
1018134360
124371986
721659014485057538
216280837
1904874517
225967128
473402397
634311710
2823918623
592833568
23039009
183399458
800904228
751703077
1254645596
112929834
249508907
577387565
1046623278
500745263
918131761
303432756
2438724661
3460584503
4433841208
3287108665
3077050890
4121225056
4908391490
3280229443
315073604
708840469816541184
14535521
391386185
3428604087
2955055584
67191690
56826381
72315991
306680922
761401522798333952
635862110
723539075697926144
362697826
2165722035
4730217577
3641971819
718466041446277120
81151089
2884450835
206333044
3232119925
395099256
3080461433
1602497658
385757034
3419825685
17003648
18400385
2973887621
940008582
248915083
368141453
1966738574
3387878543
330730640
3037002897
549430419
3517375637
319276183
342867096
4835568794
3403451547
3433022621
1327639712
4333267774
723054728431570945
4810695878
375709212
15258794
712668749778661376
2320870573
409371165
58346674
291347635
41933342
523636937
474391736
207329823
3284780220
2616022205
847975615
1370305729
571061443
71167174
2173981217
39683274
1619317964
4890139853
3723723982
260373714
202814670
954094806
3387188439
1661711576
731802491969507329
514561026
489673957
2199164136
2356792554
432184556
45278448
311556648
344657138
32921811
3309829364
158704885
550341878
714145458722103296
1393143032
470457593
336895229
168762624
33270656
746648834
3399938603
1921896662
705226269999407104
3005762823
40931878
1228600591
804703506
4914539795
3890345237
35622166
3720737542
282848539
4751533340
694731966017437696
449901857
3142954274
741476438784647169
133770801
185099560
624014640
289019185
71150898
2531476787
1031086644
838147382
1143299383
56044856
4841188665
4345685308
14181258
629577022
911631679
547970373
4013628743
4437595465
176309582
105692495
3177446736
3330905427
63780180
431224149
15088984
34704729
2996938075
711920988
714850980588748800
3895471456
4790758753
3289072994
26297328
182013287
3293193577
392127850
375207276
2176120173
47758708
183850361
4889333114
25429371
1606948220
2214855914
2198972988
714259748976242688
740928906
2339296652
178212237
1548684686
37297553
67003795
2291808834
606864789
2472844700
4737291677
2714847813
21956000
154108144
3360388514
713555902385795073
921376165
104009126
367201705
274613674
2176495019
298358188
56096173
86159944
3329834421
3184471478
4924384695
159254509
454517441
4560016829
1484256702
305049025
236000707
191316214
328832955
630218189
270974417
41221587
906276308
176326102
1376103673
76219865
490622429
729109027741958144
721449273410383873
4794324452
769707494
3332044263
624408042
2309666283
3559067122
2333791734
2214032735
21222906
3968744956
4699784448
1263050498
698992648275804160
3253132807
27895304
1046138378
1703673355
372497935
18810387
1702354453
117579289
8797722
533382063
258831900
50568733
706685756870430720
847244832
4196436912
1658893915
724998164986642433
1127945767
757585453
3316868654
282656305
1594222130
2767166387
72025652
885794358
1047178808
3051714105
68892218
2614181437
149636671
197618272
3231888662
3433043523
4899681860
414725701
19777536
913575498
1048931916
3677775437
19694474
28991057
4728142435
3010805337
148891227
3008831069
3830912607
11972192
16881249
436242018
349632099
30083345
16262760
287743594
4473046635
2358259308
66567790
34715248
3494372979
474994622
15722902
361703018
4885278334
3383049855
832431745
3400201858
275033366
568016521
3319651978
519181963
45426316
2869790352
425125521
4921298578
553991829
1248308887
1265921688
23093871
900787868
378863262
263397023
2878768800
417495269
441194148
490440358
240920233
740258250977841153
332822193
4391005874
3681664757
398476980
714943919717396480
3988448954
702956068620496896
3711366682
3234488267
395935430
39399111
4706270920
15197900
1191779618
71849541
261849037
36139682
2820478673
3558102739
104466132
1581592279
571313883
26425052
4851318494
49907425
32298723
1695241957
384640742
270636781
299239037
227456753
3239216766
993797880
2771898106
600461691
4894714154
133146366
98253781
21062272
1710804738
3396282117
706131496046878720
1040606983
273970953
3277814538
547421964
236025474
368838415
29316952
165601042
159637267
95186905
3769782916
506353439
1948368672
613703460
126009130
4855883563
38211372
1145802541
1390706478
23766836
117174069
2280992570
4751570748
292570360
1592483648
3388290885
387661638
16429708
3894224714
138651471
2534195028
2828158805
54391097
2528833368
1226297179
3013758812
3414183909
2548936544
715046937402204160
16389986
1683873386
844275558
297746282
1965074286
753174384
216848117
283803509
3223302006
861317780
1649145728
4520826754
478289798
174329735
3049742920
4548607881
45877130
2938439565
411066254
2908405647
39755667
446390165
72318872
16623514
620689391
864016285
3312318367
1702895521
14268323
2171387812
3003856807
899626652
3291170730
2786265003
560633775
43661233
272558067
3018870708
55772489
305211380
2901927867
746916097849319424
1886431166
16941838
408915909
1929258950
3220318152
400429003
24142498
2792460998
26550231
3913172953
3984392943
792995834
331102174
2411339743
756260832
311262544
544725888
1576206307
1871441173
1490691750
307699687
2779693285
282834921
1398685674
2731141799
588768399
22966253
4186208238
339808239
3082399059
1084375028
703386293225582592
1645271030
4656927401
2750580729
518173483
218744827
417388541
91052031
759174788875071488
709137421309497345
716376449490530306
1415881957
729676086632656900
109117440
703762638493372417
180312074
834308107
4226879500
718972764623867906
2783201294
58892667
51624280
1691191314
2783281172
2945681430
478033944
82929668
1676990490
2390110236
617223173
3407226912
705103783047598080
158041777
218630184
556433450
1013614638
2784100399
36844552
38348850
91430963
156424244
355086686
177412150
3411140663
105990200
883449913
3389880671
403202108
389604704
3700443204
3234275397
259351323
320264267
4062613580
4127907918
637136978
410943571
3327701078
399745111
2251196504
1957394522
69983247
3914047581
3430537311
700133135850344448
3365349478
3031924753
4191199337
3256055916
3952873583
3282821233
562528372
154550390
18993272
713414778
750915709
1617959046
770879618
720036695643525120
30019719
494100617
436273290
76903903
729763981
1319606414
2732918125
1945319570
39048899
3311722862
52953843
3422474392
709869721
18903194
3425788059
4661661853
118784158
18663584
704314606429188096
118560537
738949715224563713
2792460998
29470887
3379450024
171561129
91947178
39399111
107792558
2906655619
385172168
140216501
500189366
310429879
4864258233
3427205151
30976189
1343121157
2910433472
705443404684136450
787714244
23039009
484286665
1684207818
707036972804517888
2429384909
3309846734
702286979275186176
2788964563
3990358228
432178894
226812118
707965319202136064
37986522
805185757
4835455199
4512114913
606681626
81279355
381241572
414820581
2373145297
1352155368
435815567
4221628654
154108144
392429809
4721621234
256743670
577590313
2606930169
727642154
713535791419559940
1150791936
4077359361
262215938
486078723
3642515717
721707694567071744
168667405
3300845839
16410897
1266028820
302795833
91453718
4065970455
1477636376
23359769
348854558
2326003926
4875317540
572080421
36811049
1957611818
895420718
19403055
42127070
712976695
114454841
708738540180365312
557453706
72914997
77197634
20334646
124199238
604653896
16318793
4827091274
40311118
2944555343
2791121294
3706069334
4840660025
456104558
142475908
368128348
389138781
367528286
3744122597
703655442681999361
898503012
1587218150
27541864
1537685870
2920472945
4765473140
3624302965
4857129334
72976759
406716792
3547437435
4656859516
315994858
259150207
712668749778661376
285662097
4895361413
708300644487016448
1322310721
317366665
1910002058
578263435
3228367245
45500814
280232335
97116561
1564676498
162189718
4334047641
742881348
2203455899
3833125276
696644290597031936
1113065887
2394939809
807446946
4548203357
3382415782
1126797740
35303857
714900956014465024
2402351540
2865256862
68438966
818549178
728306683378688000
798362047
41458112
1558889888
2785591751
2326092234
4898315151
510974413
1859008975
543015377
382358521
882481621
701185662146318336
32877018
2365144826
188807646
836628960
1193212386
4043751910
3580248555
1913868780
410434030
96655856
215853553
361022019
1297170932
19048952
1002342907
3963297194
1040556542
979670539
591349485
443267158
2262620679
2868778746
1069875722
577669101
2319339266
410544656
301648403
24142498
30095897
2218281498
139096605
186618398
4069884447
2173981217
3158465058
714499387758624769
3720737542
4820288038
436409777
4568967720
4892643881
1338765866
18209543
349874611
65679924
713762574156718080
17685258
23063106
1963440907
2646757956
288966070
2811909217
22850120
2172271177
3330875980
723175349530456066
3340394234
315595343
4129925714
3310185230
3158979158
335854169
323431003
1032100446
19786336
222974563
708838526121484288
4501926504
4885879403
4828311314
4533072494
23093871
61844182
3295440318
1061345912
19317371
21062272
2740275841
518177412
3507630725
711362554920980480
15897226
25910039
16429708
961010318
3411313300
433029783
159009432
4827286170
98112156
4452743837
73525922
3896298147
4887236609
718466041446277120
1561748137
419816107
332905140
22228084
2252839610
704513628414676992
3089629376
186800833
4605300854
541833926
701899464
237707978
1721208578
22190800
908477137
2417103571
885684950
3080461433
383568602
226404815
1904550620
430239866
2261000927
4510755552
114574052
710656531906371584
87516499
2392294124
705062892178169856
127296243
266730229
3197854454
38157048
1072323325
45671166
4827382530
416811287
1279060740
703661055835136000
3909925639
33258248
1571866412
240919306
2905707275
560909070
2561219343
819572185
987334273
42224411
3220851492
191702150
2479330086
409678631
3384385671
3310196245
896736733
948371142
307018547
3883154232
525713204
64595423
4598192956
710306690730696705
4600542014
471468512
2947778074
16939843
329153351
18545481
3670520652
3456496461
593726287
4516076294
145834838
3339524953
3668075663
2588663610
804522846
14535521
25916258
438815206
343685991
3298208619
1337895788
75877232
74222453
2199028598
325776251
3242652540
116705429
81238912
168808939
705146548397568000
368683841
4081892233
3308073866
427871383
1227715471
1587237776
2528453521
486265746
3837348675
1915035397
338805653
79913878
3380947863
428443815
46517148
344394479
1941881761
32234651
531776421
4890686374
598872999
542956561
63843485
725220272
422939571
4904594358
166532031
466144416
3375141831
209839048
4882285516
1555246032
2149677560
21322709
1734921174
398941143
336170525
245639333
560065504
38951905
2887465954
54666213
151989073
4452830716
1368956714
705543852929720320
27479025
365827058
1241997822
3327646711
2361358164
174320634
233274366
4539913215
396270592
436253698
189242371
2506247172
395308037
745810160896081920
56486919
2578125832
18422538
70648847
1018134360
124371986
721659014485057538
216280837
1904874517
225967128
473402397
634311710
2823918623
592833568
858391585
183399458
800904228
751703077
1254645596
112929834
249508907
577387565
1046623278
500745263
918131761
40184883
303432756
2438724661
3460584503
4433841208
3287108665
3077050890
4121225056
4908391490
3280229443
315073604
708840469816541184
111225697
391386185
3428604087
2955055584
67191690
56826381
72315991
306680922
761401522798333952
635862110
723539075697926144
362697826
2165722035
4730217577
3641971819
81151089
2884450835
206333044
3232119925
395099256
4905645177
1602497658
222167205
385757034
3419825685
17003648
18400385
740928906
2973887621
940008582
248915083
368141453
1966738574
3387878543
330730640
3037002897
549430419
3517375637
319276183
342867096
4835568794
3403451547
3433022621
1327639712
4333267774
723054728431570945
4810695878
375709212
15258794
615692074
2320870573
409371165
58346674
291347635
41933342
523636937
474391736
29514563
207329823
3284780220
2616022205
847975615
1370305729
571061443
71167174
39683274
1619317964
4890139853
3723723982
260373714
202814670
954094806
3387188439
1661711576
731802491969507329
514561026
489673957
2199164136
2356792554
432184556
45278448
311556648
344657138
32921811
3309829364
158704885
550341878
714145458722103296
1393143032
470457593
336895229
168762624
33270656
746648834
3399938603
1921896662
726511133872398336
3005762823
40931878
1228600591
804703506
4914539795
3890345237
275033366
282848539
4751533340
694731966017437696
449901857
3142954274
741476438784647169
282656305
185099560
624014640
289019185
71150898
2531476787
1031086644
838147382
1143299383
56044856
4841188665
4345685308
14181258
629577022
911631679
547970373
4013628743
4437595465
176309582
105692495
3177446736
3330905427
63780180
431224149
15088984
34704729
2996938075
711920988
714850980588748800
3895471456
4790758753
3289072994
26297328
182013287
3293193577
392127850
375207276
2176120173
47758708
183850361
4889333114
25429371
1606948220
2214855914
2198972988
714259748976242688
66540938
2339296652
178212237
1548684686
37297553
67003795
2291808834
606864789
87510427
2472844700
4737291677
2714847813
21956000
99524848
3360388514
713555902385795073
921376165
104009126
367201705
274613674
2176495019
298358188
56096173
86159944
3329834421
3184471478
4924384695
159254509
454517441
4350133693
1484256702
305049025
236000707
191316214
328832955
2821690119
630218189
270974417
41221587
906276308
176326102
1376103673
76219865
490622429
729109027741958144
721449273410383873
4794324452
769707494
3332044263
624408042
2309666283
3559067122
2333791734
2214032735
21222906
3968744956
4699784448
1263050498
698992648275804160
3253132807
27895304
1046138378
1703673355
372497935
18810387
1702354453
117579289
8797722
533382063
258831900
50568733
706685756870430720
847244832
4196436912
1658893915
724998164986642433
1127945767
26528766
757585453
3316868654
133770801
1594222130
2767166387
72025652
885794358
1047178808
3051714105
68892218
2614181437
149636671
197618272
3231888662
3433043523
4899681860
414725701
19777536
913575498
1048931916
3677775437
19694474
28991057
4728142435
3010805337
148891227
3008831069
3830912607
11972192
16881249
436242018
349632099
30083345
16262760
287743594
4473046635
2358259308
66567790
34715248
3494372979
474994622
15722902
361703018
4885278334
3383049855
832431745
3400201858
35622166
568016521
3319651978
519181963
45426316
2869790352
425125521
4921298578
553991829
1248308887
1265921688
900787868
378863262
263397023
2878768800
417495269
441194148
490440358
240920233
740258250977841153
332822193
4391005874
3681664757
398476980
714943919717396480
3988448954
702956068620496896
3711366682
3234488267
395935430
705226269999407104
4706270920
15197900
1191779618
71849541
261849037
2820478673
3558102739
104466132
1581592279
4560016829
571313883
26425052
4851318494
49907425
32298723
1695241957
384640742
270636781
299239037
227456753
3239216766
993797880
2771898106
600461691
4894714154
133146366
98253781
375414528
2740951680
1710804738
3396282117
706131496046878720
1040606983
273970953
3277814538
547421964
236025474
368838415
29316952
165601042
159637267
95186905
3769782916
506353439
1948368672
613703460
126009130
4855883563
38211372
1145802541
1390706478
23766836
117174069
2280992570
4751570748
292570360
1592483648
3388290885
387661638
388493964
3894224714
138651471
2534195028
2828158805
54391097
2528833368
1226297179
3013758812
3414183909
2548936544
481304417
16389986
1683873386
844275558
297746282
1965074286
753174384
216848117
283803509
3223302006
861317780
1649145728
4520826754
478289798
174329735
3049742920
4548607881
45877130
2938439565
411066254
2908405647
39755667
446390165
72318872
16623514
620689391
864016285
3312318367
1702895521
14268323
2171387812
3003856807
899626652
3291170730
2786265003
560633775
43661233
272558067
3018870708
55772489
305211380
2901927867
746916097849319424
1886431166
715046937402204160
16941838
408915909
1929258950
3220318152
400429003
36139682
377694160
26550231
3913172953
3984392943
792995834
331102174
2411339743
756260832
311262544
544725888
1576206307
1871441173
1490691750
307699687
2779693285
282834921
1398685674
2731141799
588768399
22966253
4186208238
339808239
3082399059
1084375028
703386293225582592
1645271030
4656927401
2750580729
518173483
218744827
417388541
91052031
